63571
62212
65480
18370
38739
36520
63026
35729
61787
18799
38157
13818
32407
25451
53548
61661
29352
54367
62368
27909
54229
19774
54198
12890
30690
65507
1343
31838
504
61769
25869
64075
58446
25814
16910
31649
62334
14400
1842
58585
33199
40000
6867
70
65451
60415
61732
29267
49246
58564
57176
37939
12802
45838
50830
43492
45809
52173
9794
46314
48407
35664
44853
41317
61478
61763
7430
58276
10628
9272
51325
43827
49272
58192
43898
49187
53072
40094
12918
36782
33122
4558
9186
45925
50397
60016
23881
30670
46653
33676
11448
29524
3804
56302
5305
65282
52529
12735
58022
63157
22008
43811
41449
5744
36467
19811
54932
24003
59905
2314
60786
27491
6873
4436
7880
57270
64452
31762
22404
45569
65438
33853
9558
3706
24619
14863
3452
11612
27599
61474
9234
49607
39749
50683
55351
10680
4958
44747
34684
64863
47062
29934
26818
53935
34370
34699
45669
33286
925
2537
13319
827
36390
22877
4533
61009
37741
7985
7086
65340
3923
16320
49411
43672
1467
39226
54352
6425
18438
23500
5752
65500
53434
32570
53899
22268
1733
34032
55554
2658
36569
3338
3485
7424
26215
8018
2897
63956
16003
9983
63760
19926
26303
47635
63598
27770
21326
52415
34195
39764
10379
39947
39728
63814
6982
28091
20546
8715
62123
10565
11374
33156
13903
14859
40580
40118
22878
43478
38539
38881
53461
36763
58808
14229
18863
56870
41999
40189
43749
10659
14417
54129
50606
54145
52407
57588
16700
7417
768
13287
17982
12142
46443
31885
27001
21488
6468
49879
64966
45007
23225
52891
16234
16497
1584
35097
7831
43584
9750
51581
54243
24167
40174
39313
12776
27045
31366
29476
34462
32134
42763
52445
44276
23671
18794
5741
45159
25262
55621
44589
4733
13310
31944
20968
29807
33529
56065
37638
11577
280
23683
284
24447
63857
39597
37224
25366
5427
1164
59829
37561
43928
46738
16301
2063
65532
22043
47222
25259
12128
26275
29992
25438
58219
50960
55245
26212
41490
27347
37789
41770
51031
38073
681
49352
12135
37905
9183
17562
39070
3476
55124
17462
50214
5889
19525
50210
27932
1211
9933
40060
27486
39926
65498
20169
25350
55207
46382
1304
17019
18635
43074
2514
56709
43756
51866
3308
16125
61049
20870
55195
64525
10458
7121
49203
16348
26646
33878
44280
27857
43811
18805
55343
18201
18767
9977
43552
8439
56359
44856
25458
9458
22395
27972
631
615
14302
3939
16740
9816
24810
6400
8805
35268
13521
58009
51616
40168
26351
30361
2489
4626
49166
57833
22828
2397
2274
844
10836
58633
45700
36294
2555
2559
64266
3187
3174
13033
7126
19915
22849
31936
26315
31654
1669
39836
24127
53285
14468
50478
18110
16958
55105
1740
9255
12397
4138
11529
13241
14974
4626
58941
51269
7181
61501
49999
10368
64675
63032
17495
19054
20345
49431
45369
52000
51100
19670
10591
38850
34138
61070
56960
51096
50639
58701
60351
63036
62839
6344
10741
12277
10970
4146
63546
18152
111
48010
28520
64787
45506
46015
18305
316
29911
63675
52316
15475
17809
62907
54325
51947
58441
45750
37508
43544
38915
32323
41044
36218
38668
51785
48495
49638
55932
46506
2254
56043
28980
30775
55294
8950
11254
8064
9266
41165
6203
61582
56641
24012
58954
45430
10423
51859
25644
47931
29868
64559
14719
5376
35241
53387
57162
18201
37489
47558
64707
39744
38065
28151
4983
27824
37101
16237
35888
46368
57403
42091
42414
48508
567
35832
28402
10990
22156
54047
58922
52024
53070
8105
57400
22776
61492
49026
40977
33445
31048
40148
7653
3578
2763
12636
31402
39864
28874
1754
20696
20741
43845
63111
3713
44412
33407
32115
55402
55563
20626
48788
42051
8161
56893
33916
30937
52849
17406
6378
20759
48455
46526
28412
52033
49289
41049
17899
23617
4387
19653
44314
25128
63498
41889
28841
42374
9760
60956
32240
65324
16047
15493
41839
24208
6850
10219
55145
59700
27626
61523
14923
10545
42513
43335
62578
26266
18848
14941
49883
23235
34594
28661
48363
32556
5014
11668
9394
14775
7089
41634
14563
23136
57127
56402
47344
63978
1086
36953
58142
28712
32940
7529
39257
9917
50864
36299
36183
4177
51240
20530
27412
20298
49192
10240
52854
54206
21908
62248
3445
28997
38346
18008
52133
29938
8875
33941
28380
9961
5358
20986
38673
38298
28515
12394
48215
13843
48693
18862
18020
34397
39393
45433
54695
23049
55673
42013
11719
12045
38725
15165
41043
11535
33173
27640
41473
42048
61582
4317
52009
1404
25303
25146
39703
53818
37540
22382
2126
20697
41245
20146
55094
15102
43
44253
38151
55716
20730
49870
2226
59455
65035
43269
5455
32673
5373
46928
9185
1419
51246
61195
2824
11013
20805
42527
64832
58346
64909
1422
13507
40618
21568
3066
55720
21612
47319
28335
11792
2514
12670
14018
61969
12169
57287
1888
44842
62661
48817
54028
64080
34527
49687
1368
45540
4956
43895
44836
63302
43269
46258
11274
18351
2291
14340
8536
23903
61659
36871
35695
64173
49541
49714
60607
61711
41465
62495
41017
38590
45776
29509
37135
14767
13660
38503
60308
18617
16863
39608
16383
60132
20331
27657
12947
22622
41997
21483
46525
38121
58355
16684
36758
42360
862
31829
38535
42328
28789
14017
15382
9029
43526
52517
23797
57187
25485
18569
10268
42348
58177
26651
36944
12972
54309
49891
35594
30770
5839
16583
3355
64194
33268
40114
41018
34130
6407
14018
10922
35196
28035
26305
44226
6025
13286
2487
63212
38771
21056
7944
15583
13697
34596
52527
26670
23369
36883
62264
54139
42722
13312
57495
41380
46580
32073
16862
15174
38480
30880
26097
8141
58915
52402
52367
64941
152
54854
62617
38924
10374
5026
54507
24071
39622
41499
50741
62991
12846
47470
51594
55568
60782
43553
31412
41826
10090
48274
57000
48571
13619
17561
56712
6998
4427
43543
6403
4580
32861
3485
43504
43235
8511
32475
1770
48133
8438
52512
45588
21284
34446
31646
11316
29692
9664
42728
5982
19754
25467
62982
2789
39086
15008
59501
46084
19435
37508
52488
24015
4833
55973
1983
48068
64484
34459
49839
47081
42897
36815
27133
64182
5725
58779
9962
35417
2907
52691
41399
22662
12622
38845
25451
51708
53853
19417
32256
7753
56925
19208
31768
61759
9645
33752
44291
8593
2675
28594
55674
